total; size = 875 x 556
L = 55, 41; size=277 x 482
R = 568,41; size=277 x 482
C = 362,41; size=167 x 178
S = 415,391; size=84 x 87
W = 411,229; size=97 x 96

In 1080p these would be:
total; size = 1920x1080
ratio; 2.194285714285714 x 1.942446043165468
L = 120.6857142857143, 79.64028776978419; size=498.1028571428571 x 936.2589928057556
R = 1246.354285714286, 79.64028776978419; size=498.1028571428571 x 936.2589928057556
C = 794.3314285714285, 79.64028776978419; size=366.4457142857142 x 345.7553956834533
S = 910.6285714285713, 759.496402877698; size=184.32 x 168.9928057553957
W = 901.8514285714285, 444.8201438848922; size=212.8457142857143 x 186.4748201438849

Rounded:
L = 121,  80;  size=498 x 936
R = 1246, 80;  size=498 x 936
C = 794,  80;  size=366 x 346
S = 911,  759; size=184 x 169
W = 902,  445; size=213 x 186

Flip Y:
L = 121,  1000; size=498 x 936
R = 1246, 1000; size=498 x 936
C = 794,  1000; size=366 x 346
S = 911,  321;  size=184 x 169
W = 902,  635;  size=213 x 186